20-7-2026 14:0;52.00;24.10;720;2104.17;500;23.99;503;24.25;408;16.05;closed
20-7-2026 14:30;52.00;24.10;953;367.26;535;27.08;507;24.60;516;25.40;closed
20-7-2026 15:0;52.00;24.10;642;2967.29;521;25.84;509;24.78;419;17.00;closed
20-7-2026 15:30;51.90;24.10;889;753.66;538;27.35;506;24.52;549;28.34;open
20-7-2026 16:0;51.90;24.10;937;458.91;496;23.64;504;24.34;467;21.13;open
20-7-2026 16:30;51.90;24.10;818;1253.06;494;23.47;501;24.08;478;22.08;open
20-7-2026 17:0;51.90;24.10;721;2094.31;489;23.03;500;23.99;448;19.49;open
20-7-2026 17:30;51.90;24.10;681;2511.01;487;22.86;499;23.90;452;19.84;open
20-7-2026 21:0;56.80;24.40;305;11770.49;480;22.25;494;23.47;420;17.09;closed
21-7-2026 0:0;64.10;23.20;298;12164.43;494;23.47;503;24.25;397;15.10;closed
21-7-2026 0:30;64.10;23.20;0;2000000.00;496;23.64;504;24.34;399;15.27;closed
21-7-2026 1:0;64.10;23.20;0;2000000.00;498;23.82;503;24.25;397;15.10;closed
21-7-2026 1:30;64.10;23.20;0;2000000.00;494;23.47;503;24.25;396;15.01;closed
21-7-2026 2:0;64.10;23.20;0;2000000.00;494;23.47;503;24.25;390;14.50;closed
21-7-2026 2:30;64.10;23.20;0;2000000.00;501;24.08;505;24.43;390;14.50;closed
21-7-2026 3:0;64.10;23.20;0;2000000.00;495;23.56;503;24.25;387;14.23;closed
21-7-2026 3:30;64.10;23.20;0;2000000.00;499;23.90;503;24.25;389;14.41;closed
21-7-2026 4:0;64.10;23.20;0;2000000.00;499;23.90;504;24.34;387;14.23;closed
21-7-2026 4:30;64.10;23.20;6;847500.00;496;23.64;504;24.34;389;14.41;closed
21-7-2026 5:0;64.10;23.20;135;32888.89;497;23.73;504;24.34;393;14.76;closed
21-7-2026 5:30;64.10;23.20;349;9656.16;493;23.38;504;24.34;393;14.76;closed
21-7-2026 6:0;64.10;23.20;633;3080.57;499;23.90;504;24.34;411;16.31;closed
21-7-2026 6:30;64.10;23.20;391;8081.84;499;23.90;504;24.34;404;15.71;closed
21-7-2026 7:0;64.10;23.20;530;4650.94;500;23.99;504;24.34;405;15.79;closed
21-7-2026 7:30;64.10;23.20;630;3119.05;501;24.08;504;24.34;407;15.97;closed
21-7-2026 8:0;64.10;23.20;618;3276.70;503;24.25;505;24.43;422;17.26;closed
21-7-2026 8:30;64.10;23.20;618;3276.70;502;24.17;504;24.34;420;17.09;closed
21-7-2026 9:0;64.10;23.20;698;2328.08;505;24.43;505;24.43;421;17.17;closed
21-7-2026 9:30;64.10;23.20;657;2785.39;503;24.25;505;24.43;415;16.65;closed
21-7-2026 10:0;64.10;23.20;641;2979.72;503;24.25;503;24.25;418;16.91;closed
21-7-2026 10:30;64.10;23.20;765;1686.27;505;24.43;503;24.25;432;18.12;closed
21-7-2026 11:0;64.10;23.20;727;2035.76;502;24.17;503;24.25;427;17.69;closed
21-7-2026 11:30;64.10;23.20;795;1433.96;503;24.25;503;24.25;445;19.23;closed
21-7-2026 12:0;64.10;23.20;730;2006.85;503;24.25;502;24.17;443;19.06;closed
